[130],[167],[6.45372891]
[159],[203],[5.75174056]
[159],[163],[5.96487479]
[160],[398],[12.44499257]
[163],[203],[8.28350545]
[163],[389],[8.15791186]
[163],[393],[8.23147099]
[163],[204],[12.00086702]
[192],[387],[14.41327479]
[196],[387],[10.00932146]
[197],[345],[20.46289493]
[130],[391],[4.90060168]
[198],[248],[5.62000944]
[200],[356],[8.59477745]
[202],[244],[5.96125823]
[203],[389],[10.56411976]
[203],[393],[10.7378844]
[204],[352],[8.77853857]
[204],[356],[11.0314535]
[204],[286],[7.46990555]
[207],[352],[10.04351257]
[207],[348],[8.44455927]
[192],[394],[22.74007737]
[207],[349],[7.22402423]
[207],[393],[12.54405642]
[207],[397],[13.88327404]
[210],[345],[8.14687095]
[210],[397],[14.61305693]
[213],[338],[9.51745358]
[213],[342],[9.24538936]
[213],[224],[8.22539121]
[213],[217],[5.96457206]
[214],[345],[9.38467622]
[137],[397],[8.57954711]
[214],[348],[14.07131789]
[214],[397],[16.66934201]
[214],[210],[5.87369078]
[214],[213],[3.85753068]
[214],[217],[5.17585061]
[214],[294],[8.24805175]
[214],[342],[6.15088424]
[214],[344],[11.07046267]
[214],[338],[6.7311261]
[214],[224],[9.55106673]
[137],[398],[8.86274067]
[215],[296],[8.87941981]
[215],[293],[7.88250051]
[224],[339],[14.19838855]
[230],[338],[17.33612284]
[230],[398],[23.38774847]
[283],[360],[9.91681824]
[286],[352],[13.37230474]
[286],[356],[14.19180678]
[287],[352],[10.20408529]
[291],[349],[8.49020533]
[141],[157],[6.84860991]
[294],[348],[11.62806286]
[294],[345],[8.5371916]
[294],[397],[18.15225023]
[298],[345],[11.40239286]
[298],[337],[12.66429934]
[338],[345],[10.83309644]
[344],[397],[8.16858403]
[348],[393],[6.77043069]
[352],[356],[6.08664509]
[352],[389],[6.33455034]
[156],[397],[7.78983238]
[355],[385],[4.74601203]
[355],[386],[5.74630554]
[356],[385],[6.78911752]
[356],[386],[5.96772834]
[356],[389],[8.22886068]
[359],[383],[6.74265802]
[389],[393],[6.18987142]
[394],[399],[8.87363104]
[396],[397],[3.72795909]
[397],[404],[6.94443284]
[156],[398],[10.90254078]
[397],[405],[8.26739367]
[398],[404],[6.41075933]
[134],[160],[5.36376074]
[134],[163],[6.66601478]
[134],[390],[7.96367112]
[137],[160],[6.64793768]
[163],[390],[4.86440748]
[198],[244],[5.39701964]
[202],[241],[5.94973138]
[208],[290],[5.52409021]
[158],[237],[7.70629275]
[211],[293],[6.5505772]
[155],[210],[6.44887514]
[290],[362],[21.47919713]
[359],[382],[5.90005659]
[355],[389],[6.01924179]
